3.885449
1.216507
0.409344
1.000000
0.100000
39
14.155000 23.230000
20.582400 -15.122400
-8.238860 13.411500
-11.111300 2.698500
-1.130150 6.443550
-6.760780 0.670046
22.611500 20.809800
6.785590 10.864800
-17.919900 5.348440
-24.185000 -12.855700
-18.138400 15.208800
-17.166000 -12.952780
-18.510500 -19.559600
24.946200 -14.087200
-0.646620 16.955600
5.631990 -10.198400
6.877610 1.214360
-0.320851 23.638800
-10.374200 13.567900
2.337250 13.495700
-4.988570 19.576500
-10.834300 -7.377080
15.386200 20.951300
-21.512200 22.466400
3.299770 -20.697200
-15.389300 8.161350
19.511600 -7.555350
-21.791400 -23.998800
-4.114910 -21.845200
-13.086000 23.531700
20.110400 17.546000
-11.666700 1.988020
-6.239650 13.012400
0.626768 8.386190
1.580320 -23.036000
-5.118120 21.591800
21.540500 11.047600
-10.785300 11.926700
6.998940 -7.297570
