16.86362295911389 0.18372195958482018 0.009720415406818112 0.03319153565491792 -0.030557128262730625 0.010955334092479297 -0.13702385906464418 -0.027856173967287248 
1.6980712354553589 0.11667216510706906 -0.03286761608020863 -0.08088738325273064 0.10514435340567777 -0.01428478840153477 -0.0665454000579611 -0.007898137896514302 
0.11406806598936275 0.0022262900151285544 0.0014075801219218204 0.003463724155443215 -0.00439071007716373 0.0008096971443155728 0.0017072685005485207 -0.009494525276827318 
9.950474693848221 0.11123616066422436 0.005066793832954986 0.0178944197852832 -0.015901800637899866 0.006375444872441066 -0.08207092611690928 -0.017651499000663345 
0.008616524493826497 -0.0014550829448612985 0.001182266127844869 0.002908551873108262 -0.003734802881995004 0.0005875431296392059 0.0019308236230651487 -0.0033825172694611095 
0 3.8252190238521417 1.169486818890947 0.5120738142231054 0.5075451543974399 0.515983065815041 0.48549528873808 0.486148823716591 0.4952919530917678 0.4984592874502887 0.5114144732663966 0.49725310458280153 0.5103731609232678 0.5129005235195654 0.5101456736090192 0.490615726704579 0.501528592582442 
1 3.990256201039297 -0.2790258949765012 0.48478190140129507 0.49258368779237044 0.49914340522274464 0.5011620934010453 0.5099272492787903 0.5032746062707677 0.48490033040976 0.4960360813619271 0.5001282031935943 0.49723130971444607 0.5099235447411339 0.4932989290603228 0.5278028682422744 0.5197151266436059 
2 1.9753766811902755 -0.31286893008046174 0.5231983960343598 0.48482601729296954 0.512231993161911 0.5127712497201319 0.4960002582602527 0.516822043576323 0.493595070358264 0.48697903701134554 0.4783418465650116 0.4928635728164394 0.5043275737575845 0.5032160271680244 0.5023354706641033 0.4953734650645908 
3 8.794960518281883 -1.79960843475092 0.5045677761808096 0.4897744543142823 0.5124606003336053 0.5068479022691462 0.47589262168475227 0.5223050595235185 0.514985476516152 0.5048969743247498 0.489762335927196 0.49316169086651607 0.49362699802740945 0.48971591930373637 0.5002385370850091 0.48855015066826885 
4 6.673111453595901 1.9534089267429402 0.5005123232302973 0.5071946240323527 0.5096039708968599 0.5038636470635242 0.49375780431637983 0.5105601034521557 0.5060353185477825 0.4884320594623862 0.4955260799194212 0.48826512477499273 0.5287859368528417 0.49788963082611465 0.4857823684840188 0.49413759908801125 
5 6.977168188550474 0.522934456485949 0.5039218227446794 0.49778498698893825 0.5055269880930194 0.4903212639909833 0.5154863947090276 0.4745489832397262 0.5026819652441644 0.5034917316242148 0.5199917221524746 0.4961373112179208 0.5017138502315956 0.4964366470422367 0.5090073341139246 0.5071163007664671 
6 1.0 0.0 0.5155308256145106 0.4911355273970888 0.5238936089009375 0.5008389190714373 0.4996535823685125 0.49583378617448637 0.4883702970755215 0.5119376624075341 0.5044568935233393 0.48987913817664813 0.4914705226796817 0.5018889298608492 0.5038463792778419 0.5114421339115958 
7 2.9696155060244163 -0.34729635533386066 0.4958572754705853 0.5053166811315833 0.5025987959863907 0.4954409504181754 0.48345008107727055 0.4879285729750933 0.49108086382013044 0.4907855885466576 0.49986281202824406 0.5184769110804907 0.4940956837573268 0.4980648401176939 0.49428660074863745 0.49691169667949625 
8 6.976973490458727 -0.4357787137382908 0.5111941180257477 0.4927393477367443 0.5052755216585146 0.4851877289686769 0.49267355489558423 0.4950528317088457 0.5148627146185627 0.4859155460013998 0.4962362688651347 0.4986665422837614 0.49750557846901566 0.5010521664576949 0.5025918562040684 0.5044955289077134 
9 7.7023390977709205 1.8541019662496843 0.4970183203740685 0.4959841956693179 0.49637486832584865 0.4981173994997731 0.4989405499932414 0.4869849452364293 0.5081035818828057 0.5051195947523489 0.4883223363805639 0.49217350276396593 0.4947855255747884 0.48236341518244336 0.49038026565249687 0.5023890076358367 
10 1.996 0.0 0.4985133518825618 0.49208570582722727 0.48664231135822306 0.49450654967426855 0.4958601074888204 0.5042306321001596 0.49056409748555413 0.48675943951270767 0.501808397629455 0.48162555181111966 0.4969534572363178 0.4940318551783435 0.4893336513221006 0.507875063977147 
11 6.886738003669029 1.0395584540887968 0.5131878702847172 0.4921683644005034 0.5067593738688042 0.4964623794841526 0.509240257044936 0.5099897816865818 0.5004789358361428 0.5147174000269605 0.4893750345823933 0.5150691324228741 0.4861371723763952 0.4968805067666721 0.5084444454704146 0.5178611268874302 
12 3.9447401295704703 0.44990210868773 0.4985701205009259 0.5203244761175604 0.49531498751950087 0.4971891348783066 0.5168882669321939 0.5115458911233638 0.49345332739421555 0.5024546676651546 0.48854675833213096 0.49672686604277266 0.49202432750125696 0.5063871646289684 0.5005112641189721 0.5043730317823079 
13 10.96175228282571 -0.7844016847289235 0.48394379183471664 0.4864518384307082 0.5069834129171492 0.5065708844707297 0.4976969904452416 0.49920201486814353 0.5074485989017896 0.5048118408410032 0.4958741268098211 0.4924899621449188 0.5045636469630207 0.5006891964778013 0.500352217787636 0.5052141506288905 
14 10.974076452338418 -0.6278082636971277 0.47505296032996064 0.5102185982935146 0.5163622771326166 0.4933845812760385 0.4923173337249121 0.4892009707710686 0.5076478759239443 0.5206903271448999 0.4850460803537976 0.5004489627393266 0.5167765728895475 0.49821157344004136 0.5007948095208898 0.5159082086817939 
15 4.984584094275236 -0.2614672282429745 0.49392483084613187 0.4853409655272741 0.4867168477140917 0.5022911518307741 0.4971503609213217 0.506188945025221 0.4995966894579698 0.5122563514777683 0.49366988783926596 0.4958318348438753 0.48877008072186157 0.5136525640130755 0.47835130829466743 0.519165724626296 
16 10.858462024097665 -1.3891854213354426 0.5004630733808552 0.4910936651879806 0.5096678968025977 0.49892508713839406 0.48876679294361935 0.49758596803150984 0.499964728043661 0.49950206943330966 0.507252873718386 0.5137308700801146 0.4876714062976543 0.49983788909538895 0.4865496585425306 0.49201865927348687 
17 5.8777774788672055 -0.7764571353075622 0.49111800861363614 0.48569027604156684 0.4986414040106476 0.49492827370705683 0.4821723616510387 0.5105221042697349 0.490130402795963 0.4885808828719964 0.5045797857224988 0.48484092955410424 0.4958322104452721 0.4973447888426293 0.48840715716425503 0.5027365894829534 
18 2.9800000000000004 0.0 0.4999849529213197 0.5094217719776309 0.4883719411604397 0.48816707338347165 0.5052817056271381 0.5049498745400732 0.4883695956701063 0.4922523550186555 0.5150025296058702 0.503175972225998 0.504217409367812 0.5092109415031915 0.504802243723696 0.49468516636714704 
19 6.974518139018295 0.20934382497177534 0.49309734768923585 0.4776409280431704 0.5112007778428771 0.5131785859372856 0.4890462775301302 0.49168422850674065 0.5157522603440404 0.5058046513490561 0.4870057693840548 0.4932708510992534 0.5041863724718433 0.49934581332807204 0.49763729091927533 0.5036798776912986 
20 8.749523779815178 1.4618585236136838 0.52084491330023 0.49795036818041366 0.51343256486628 0.4973673607242674 0.5076270400726637 0.5070416880704798 0.5060057370631482 0.5099933037589812 0.5047491042655862 0.49089267289496796 0.4996213809927492 0.5022688950177938 0.5061787317507028 0.5076421921459903 
21 11.846462024097665 -1.3891854213354426 0.49563848050686427 0.5165402640423592 0.5002202968508904 0.5171248485175862 0.5071481808430403 0.4946638232438557 0.5173441871171404 0.49135368682730185 0.5078865493693343 0.5205712976475521 0.4897364657237372 0.5071855620139561 0.4955311088714167 0.49660996144341574 
22 5.916740129570471 0.44990210868773 0.5050214513572807 0.48228100675834923 0.4943473858125605 0.5088594458588116 0.514541842126163 0.508653823721174 0.5029965773652468 0.5073339969829107 0.516460550728075 0.4979228525269665 0.5194062625135986 0.4980810739745293 0.5084414176605611 0.5176591223849208 
23 11.957036278036592 0.4186876499435507 0.5096575443814317 0.5185259217629032 0.5092924769173752 0.49644924230745596 0.5008885849296348 0.5127985623258372 0.4932207210269422 0.4925499592157027 0.49135600583315026 0.4981403757415093 0.504055993525977 0.5011880040082908 0.5066909484020726 0.4969318823226209 
24 12.962517443171862 -0.31409547032250873 0.5157414877992209 0.4958229505372779 0.48875940852439914 0.49788864405145183 0.513845396213966 0.5012753193975673 0.4919286701939733 0.49182358208803584 0.49632279768054427 0.4869798054715947 0.5017923788231355 0.4967224674454297 0.5142123769500093 0.5136029156520658 
25 4.952000000000001 0.0 0.49970486034262096 0.4927594672112671 0.49765907751837324 0.49983785686423055 0.5143059602437251 0.5032118695178065 0.48454625913379334 0.5148678852834397 0.5009844732933809 0.5091375601275797 0.5070557896831914 0.4959407056288214 0.5114392066836005 0.507227368902919 
26 11.744070083931977 -1.693453269197674 0.5040934193435075 0.5206381154319313 0.5089510088408251 0.5041846161706326 0.4941342084469394 0.4922802406526178 0.4926980568963052 0.49540202455168486 0.5016640346364205 0.5068279322698283 0.5067825569373849 0.49850084430431923 0.4763904146352125 0.5056526337301404 
27 9.856590402935224 0.8316467632710374 0.5102588618179084 0.4951167726643538 0.4999905380473015 0.4915961682594082 0.4934293929526888 0.4879773507299112 0.5084805761444496 0.5056366713373968 0.5030004605302278 0.49819324984224317 0.5182785255533175 0.4814462867050617 0.49503334861719694 0.5060223846205535 
28 11.650339097770921 -1.8541019662496843 0.49324749888530783 0.493003747153226 0.4943176492387867 0.5017050078499842 0.5072529986261526 0.512287189636647 0.4861498543064854 0.49511398380174265 0.49713609324915253 0.4878917609526844 0.4978462325788586 0.5059625675248897 0.5067078245228037 0.49174360648519283 
29 13.508148604794535 2.6045452356572536 0.4975966279728388 0.5069651092808644 0.5077487916048783 0.48423603578858343 0.5107209926192432 0.5038069551189636 0.5199123187027404 0.5057113160861675 0.4965165312039141 0.5156042991006686 0.4963366721710374 0.5078307479541178 0.49557295825412745 0.4956075544981331 
30 14.503508646656382 -2.7811529493745266 0.507049908639624 0.4835702858212014 0.5028424422075393 0.5080659495993255 0.5101900613397996 0.5017281872881659 0.5140842823434508 0.4852686321590906 0.5150504116489854 0.4837717327502796 0.48637534208178357 0.4903057473234946 0.5042384803009488 0.4932223400122469 
31 9.841480259140942 0.89980421737546 0.510004558589335 0.49905148338018523 0.5104502794745259 0.49801900722528386 0.49623534835293776 0.4799438468682602 0.5046474797645311 0.4939059248884111 0.5212338718010253 0.5110087466115172 0.4763865652772281 0.5053978900127617 0.5123244175874593 0.4856631312576702 
32 6.934268068741571 0.13917310096006544 0.5071961952635039 0.5018205228885609 0.49539611089721686 0.5054545121662307 0.5133890597113686 0.4958407897997416 0.5020112777842227 0.5041295635567768 0.49931104623311545 0.5043937850635778 0.4966439483889868 0.5241239702766007 0.49989106044725784 0.4944615301993042 
33 14.833195065356241 1.407910185362078 0.520282963916216 0.49873901677754673 0.49288433670149834 0.49008264731357587 0.5041473171424994 0.5161162285046492 0.5067911444235983 0.4919563393270349 0.5017278122998539 0.5194193273602679 0.5177061086424738 0.5030725286984067 0.4941893451367453 0.49992230966877094 
34 6.934000000000001 0.0 0.5044997583028672 0.5017084293779897 0.5146797807819762 0.5038664288612906 0.5028670289575312 0.48927955373033166 0.49425557232847916 0.4813332581468986 0.4819319406811047 0.5125317966146092 0.5021983331335255 0.49468460214746707 0.5006021208054426 0.5024583270580069 
35 12.802885604402835 -1.247470144906556 0.5010200996640038 0.507938895097098 0.5019080160403935 0.5247510375479544 0.5048210466415783 0.49256206206213576 0.5114689938410516 0.5092773566146972 0.504456942129178 0.4990960198497132 0.49597623496403215 0.49010327401675774 0.5038156864939555 0.5156749038802596 
36 6.934000000000001 0.0 0.5078342095593674 0.4987159573164173 0.4989086018687968 0.4984227493802258 0.4999951922161733 0.5134603905765863 0.5107576848687647 0.508920679274443 0.5032258008597742 0.5065654867104097 0.5050604566533403 0.49672614493838846 0.507241699699832 0.4775650233996765 
37 15.768644651028977 1.7172809583889033 0.48450794126492563 0.49958854933561575 0.4869692298094469 0.48987587151237605 0.5019468133927419 0.5174288736461403 0.5112514343198359 0.4999314375194273 0.5071736930051576 0.5070057926542281 0.5090982285826748 0.5158052704480296 0.4983483191283151 0.5093561555412222 
38 13.842130043570828 0.9386067902413853 0.48981567769836726 0.4894857075181806 0.5044007264753579 0.49902968568526446 0.5133487107874005 0.4989814083380228 0.5073478070638878 0.5068024303085512 0.5031673075642559 0.5044120386308983 0.4912983817602341 0.5041377130792153 0.5135297841519297 0.4908490352459041 
39 16.881752282825712 0.7844016847289235 0.4902901036958845 0.4997771839430272 0.5148763296606299 0.5058017899475767 0.5096997621984807 0.5087499837663695 0.5120444905475856 0.5025790245242712 0.4998390429509176 0.5029916283716892 0.49895675521917526 0.49694634028621665 0.4920134757423119 0.4960124113853228 
40 9.916 0.0 0.4992576099175188 0.4985453348405279 0.4860737328218225 0.5067749671519023 0.5117132372527646 0.5164593336104009 0.5059602893791926 0.48278006017476943 0.49481554788065313 0.498191140293589 0.4964221919400076 0.5019964115711278 0.5056195099649465 0.5091010085022128 
41 15.643406610312548 -2.070552360820166 0.5153632448737323 0.48971372304592836 0.5216080895753982 0.5036751368989808 0.5096913368053213 0.49560165774405496 0.5261019413053835 0.4988778785248351 0.49527098719266627 0.47813282297595383 0.5095240947610874 0.5056517933865943 0.48271702890908513 0.4996094642384723 
42 13.589111453595901 1.9534089267429402 0.4927619183910406 0.4889673640724516 0.5034164774143147 0.5176023183842656 0.5018137358663874 0.5071452741270428 0.4918885879025215 0.5036331364746676 0.47909382304096565 0.5050753443307522 0.49154833807727594 0.4854229168018157 0.49774511406493804 0.5164797769552771 
43 11.698074302397268 1.3022726178286268 0.5066543438795337 0.5027740175691513 0.5090042808460437 0.5105208822534505 0.5225905339309372 0.5140191858139221 0.5123396522233301 0.48442771155616277 0.49725903715170844 0.49672975712968703 0.4864280249634044 0.48124502218806214 0.49512588218621134 0.49278033671306914 
44 11.915390780625566 -0.06980962574913405 0.5044323216298222 0.5135709873032103 0.5118123683346282 0.47786762005260175 0.5014476659311061 0.5073195392242058 0.48770521525065275 0.47961820192646454 0.5168623113999796 0.49683631344318635 0.5055101161391687 0.49984077210097855 0.49777814031048634 0.4962824636644625 
45 14.53463002919522 2.2789770812000967 0.5093373892725863 0.5032031526930608 0.5132377982984632 0.5063574570102048 0.4797611717493468 0.479435442989897 0.4918256054369633 0.5038623619997571 0.5143019933778818 0.4892889456160425 0.5135862633852706 0.5276907907706695 0.5077821684437207 0.5005513953789487 
46 15.794462024097665 1.3891854213354426 0.4820985622045219 0.5147589941062823 0.5064630887951456 0.5033031806972733 0.5113512497137378 0.5046990357057177 0.5014712819994309 0.49229168127799916 0.49249414863872365 0.49141552260781296 0.49894913970167665 0.5062841799414454 0.5165997651060719 0.500824783911223 
47 16.795506724761104 1.251475720321847 0.4980262689354879 0.4923021907795022 0.514270416972783 0.5008915715466673 0.5035456450941314 0.5060989061325005 0.5223811129726926 0.49083971354477274 0.5124875575849731 0.5031832507206153 0.5136129947647641 0.5081456516362898 0.49428708943040883 0.5049847169139594 
48 16.850175162946186 0.8362277061412278 0.5092129527590098 0.5222118840941247 0.49784820445439953 0.4845850805588432 0.5023444245780424 0.5099100732608106 0.5179716083515287 0.494612682268993 0.5174468992979794 0.5097477344996482 0.4924468357318707 0.5042141461145456 0.5106279009818833 0.5144118013807564 
49 16.894000000000002 0.0 0.5142837495114849 0.4910627995372528 0.49710926432186137 0.4925195964467051 0.523954940776639 0.5082483793707774 0.5044480951679075 0.4961181353071212 0.4906877026390258 0.5087050801280683 0.49671860930502004 0.4878567437436454 0.4822103374645917 0.5046635437918213 
50 9.893847695156394 -0.01745240643728351 0.5004991549385722 0.48682862283616146 0.5036319390083689 0.4900535601930681 0.5115041955720898 0.5032569220258474 0.5065509691546123 0.4943644802835258 0.47747449690871296 0.5093228588303542 0.5150873981531224 0.49770332876442575 0.5030903114491962 0.4938323728657163 
51 14.820130043570828 0.9386067902413853 0.49687808183212273 0.4905908637304509 0.4896781625421061 0.5097386653016203 0.49011656368649603 0.5036965217819629 0.49324035632298696 0.5074076136716397 0.49556694892224373 0.5110443578023744 0.4772616755450208 0.48950581487617606 0.502995117997807 0.504153060326864 
52 9.85992582628907 -0.25881904510252074 0.49368214498953655 0.4850253845554587 0.5085831183785352 0.49576363387017536 0.508784365129855 0.4913763920459707 0.4972683891136554 0.5110310075680853 0.5164682356492825 0.49687190675627324 0.5151066146402559 0.5034173518873929 0.49661995406002113 0.49944941052429415 
53 8.894000000000002 0.0 0.5055347850988274 0.5190321470180161 0.5118052242335832 0.513215634665916 0.4956110422897044 0.49836280270088573 0.49894625073440313 0.5119792285507275 0.4946703131475704 0.48443750178610917 0.5004062097004 0.48507606269192993 0.5010666955954732 0.5069748095168067 
54 9.872147600733808 -0.20791169081775934 0.5013756981638482 0.5109385518833889 0.511576984204743 0.5059713238393699 0.5169510871138677 0.4847116246934015 0.5129931941997645 0.5000679488726506 0.5053522050379986 0.5063133190781886 0.4849032360815604 0.507271548665162 0.4939468117051072 0.5076479900098779 
55 14.740220388711414 -1.34970632606319 0.5045300990678098 0.5010025199311219 0.4923372804647167 0.511821966267145 0.4845972384882512 0.5067533425446759 0.49579855240700726 0.5047076342487335 0.5009848073360741 0.5018089578250275 0.4888804553016104 0.5144590935894942 0.5136203203260147 0.5184433525310398 
56 9.886000000000003 0.0 0.508425022761325 0.4972252780277465 0.4813210101171159 0.5039927112009682 0.5033223246308584 0.4989572826577777 0.4901031620374935 0.49870472574307984 0.5083951615571372 0.5080699830211328 0.5026281131744298 0.4899720033407866 0.48644938847827496 0.5079813003648166 
57 15.816441702975693 -0.7821723252011543 0.5055832349868792 0.49479847474482946 0.5057221134094342 0.4930371831820064 0.5101159826142979 0.49426255610405684 0.49176843363218703 0.5070844689118009 0.5155419254139023 0.5098866376056467 0.5157015040242154 0.49355393288426536 0.5042072917097414 0.5095725938605792 
58 15.633282581475772 -1.545084971874737 0.5082885685979637 0.5075219831607559 0.4826049733242386 0.5015901149460387 0.5049410346173174 0.5067657750735537 0.4878475222136599 0.4940176658483861 0.49941995183078725 0.49563702374872276 0.5146408236297065 0.497641167273061 0.4880401406073632 0.5039404560991315 
59 14.660074302397271 -1.3022726178286268 0.5059557888372166 0.5017413176591167 0.5029114916264741 0.483449844619588 0.4856050733815844 0.4987219444808339 0.49458764232751984 0.5137413015624034 0.48817798801531026 0.49799389023062757 0.48406764496717936 0.5033453651694246 0.5126729042157121 0.5033401868862949 
60 11.848295726276 0.24192189559966773 0.510744991465602 0.5069948802765346 0.4715469455545388 0.49777911444174955 0.5010183339605768 0.5048525348724533 0.5047181883005601 0.5021791706398716 0.503824996518723 0.49910249205590207 0.5026233649238718 0.506405733599531 0.5002964396163826 0.5055006597168707 
61 15.793255717814915 -0.5888932111285812 0.5134788160752689 0.5027685752317184 0.5095199711963745 0.513564464593889 0.5130034229378748 0.5045586044094105 0.4980529059815015 0.5129959111259174 0.4968301102584221 0.5011256694397609 0.4905511858683479 0.5050693054476254 0.5003704767195657 0.5099481515370777 
62 20.51810224746913 2.6550789727305903 0.5058206850499324 0.49617401916140247 0.5007533993320803 0.49894294717223103 0.4984311345111972 0.49532478452766754 0.500702059235082 0.5106177614612599 0.5016942335465457 0.49678893497859183 0.505023978358193 0.4839333283360981 0.5058111209828813 0.4883991031395119 
63 12.844894584758066 0.38225446119535744 0.49673642338144747 0.49340600655464995 0.5033749822374248 0.5212212744096165 0.48466461758232404 0.5076453862608871 0.5014269010948802 0.4968527838288331 0.5057842463821978 0.5059881128951402 0.5034203836554602 0.49264149774162447 0.5109343082092799 0.49076715332085724 
64 18.85183893016309 0.5580825209702021 0.4999562592843169 0.4967732363087343 0.4994162681285266 0.504085026258642 0.4986436773729953 0.49589750609088434 0.49697904381704094 0.5030377474133466 0.4837557668743204 0.511929676422843 0.5144435967559986 0.4937524665650979 0.5026705331909233 0.5060165113755771 
65 12.855493968048517 0.3486855407551962 0.4980532961343916 0.4950707983716256 0.4952081000385592 0.4972101635612599 0.5179071794056969 0.5082805964316717 0.49720626223729514 0.5102320054718686 0.5014546201493449 0.5070457862030445 0.5073883571436829 0.4900731422680265 0.506332929547166 0.5074377354173443 
66 17.685123099493858 -0.9454096847574075 0.49228557077155655 0.4939251418551806 0.49183705210886647 0.49716704244837595 0.499406028510971 0.5026208418567631 0.49623120262652615 0.49905612598774374 0.4933341980266499 0.5136113244055203 0.48959164606370803 0.4934920788790938 0.4967461595612301 0.4985604756447884 
67 16.806247330429066 0.9744234009161197 0.5034139803731991 0.5000291024038065 0.5160825662301491 0.5004157331991745 0.4948439793064645 0.5214169359714017 0.5098578880949073 0.4982868567649276 0.4816007486903226 0.49513555401908305 0.5005327819514681 0.4961782745319002 0.5035837688086026 0.48487463999264313 
68 15.833132422972483 0.7142935709706386 0.4905467502273772 0.49641922901667274 0.502126316726963 0.5066840712723047 0.4924179884221168 0.49195562503320545 0.4905419267164885 0.5100521963503897 0.5175144311682964 0.48802440271841646 0.5045265189227311 0.5015931811426745 0.4822693735954232 0.5083914913521439 
69 21.71876374515839 1.9115191397575693 0.49781024054394607 0.5014231752584266 0.496327060596097 0.49230122306144775 0.5010191987591771 0.5059519988377073 0.5085611559595191 0.4851014960994919 0.4993174923989388 0.4835505752348129 0.5026434382041259 0.5106452534572717 0.4859055645873284 0.5014335318997254 
70 13.855341663204909 0.3312331343179127 0.5085176772969551 0.49325658964592134 0.49875240480913896 0.4820647087599984 0.49315305308976354 0.4987609477044667 0.5052508546961747 0.510862421489834 0.5013196739172909 0.5047267324312762 0.4971526258300909 0.503570737456793 0.49710949430938667 0.4926576702069384 
71 18.745257068734503 1.4935395130144649 0.48522782027965417 0.4984767554654996 0.49080213876858036 0.48090651948511 0.500154105253393 0.505298223839987 0.5023295302645767 0.507488441158602 0.49701644035212283 0.5132569988818082 0.5022326361776415 0.5096776300277002 0.5068751816952436 0.5028263600064059 
72 21.392632632819115 -2.0842952953671303 0.5008157297287333 0.5162961565693741 0.49529540271605305 0.49184549112217374 0.5002121160785699 0.4930354045427508 0.5077052534254589 0.5019798336412525 0.5102682383633766 0.49969400631539207 0.4965963614849044 0.505566595347662 0.4878019487206935 0.4926143894095067 
73 15.813576331307223 0.2765112534798284 0.5023100349436584 0.4764942238456453 0.5002294490141579 0.5043608457284465 0.496050162151886 0.48777913953803365 0.5086113539587783 0.4952792272991749 0.4898673971204802 0.5188530933979799 0.4940177720636073 0.49045775629928506 0.5163094899203324 0.4745862550865848 
74 15.730597060614887 1.1382839290400182 0.4837930266794284 0.5064153455968972 0.49109615063068357 0.5135658255064977 0.5007273961751736 0.5118950113749766 0.5093365205466618 0.5046752368420633 0.49448410902426854 0.4980544562541259 0.5013296266100717 0.5080542046145844 0.5115503980003056 0.49545897183070137 
75 19.78376093787251 1.2514660007210083 0.47890592476725974 0.5096163597376564 0.5165042812569262 0.5000715189878973 0.5046231748719492 0.4890461985941903 0.5070497015751402 0.4977974694142118 0.496206588717077 0.48054214036311443 0.5121630638612693 0.4756200347346131 0.49183595258468393 0.509051027965894 
76 21.80899643010317 1.0783017302431257 0.49884880342661253 0.5059394034967095 0.49602884524213153 0.4814426664689216 0.5036472201868913 0.4904966827556846 0.5033926488314492 0.49333359813697825 0.49985684838120237 0.49234669286357985 0.4955782071975803 0.478995642227495 0.48203828068646426 0.49036926874815034 
77 13.82848402802458 0.5202499402901234 0.5203450497620754 0.5060038764747625 0.49897161064300033 0.49865925301101693 0.501357940730162 0.49959442566516976 0.4981134499646122 0.5117050470974024 0.48999740993358454 0.4968316491824272 0.4996726066888578 0.49220659127657096 0.5064595182570107 0.49579400817635866 
78 18.816304279323703 0.8690323090107499 0.5015528982502162 0.5060890766791329 0.5039847059999132 0.49896023060722744 0.49292361509986454 0.4986543974008576 0.5050938152441853 0.4980010022228931 0.4845271242467073 0.49616769044725656 0.49364035306979526 0.5067068407114472 0.49860909604442016 0.5064668122234391 
79 23.68869953785086 2.099377228831795 0.49204588322073756 0.4920747407479072 0.5103502395579813 0.4881930566167428 0.5113907176068169 0.4987143334666398 0.49587501164916825 0.4879149446338705 0.5248886045855018 0.5337886838289609 0.4975008105090857 0.4929785623928278 0.5198966032595291 0.490975414433651 
80 21.670894756628265 -0.6441959241660968 0.5056484619989592 0.4800233068984035 0.5031110172914637 0.48750538766398555 0.50066598340146 0.4947449655686835 0.49657117958283215 0.5031014385019457 0.5012510063556959 0.5092213772946808 0.5092385487762232 0.4951792883221108 0.4967564358731103 0.5041966277976425 
81 22.798286033745747 0.8310862949679849 0.4913153968528176 0.49686946105032176 0.491289643000096 0.4971784878685577 0.49414934322211584 0.4976849605448125 0.5055035159332283 0.49112262831761755 0.5063429289391754 0.5109826892834809 0.5019719733381263 0.4894733523216547 0.49265158164613154 0.5027767223837168 
82 14.799504472494617 0.6914670434697168 0.5060644742390964 0.5091255901236279 0.49115687216934817 0.502831457019518 0.4893767438395559 0.4840959172149192 0.49390447958737377 0.49735640635822154 0.49237749324721064 0.5173832888425642 0.5152344454767747 0.5043773331410801 0.5191283862381524 0.514749427506254 
83 14.799504472494617 0.6914670434697168 0.5018789113992798 0.47925349585665794 0.4868493287325739 0.5070012023358752 0.505345467720944 0.5003715812299877 0.4973222177856656 0.4941937411691406 0.5037302693018514 0.5137549095367216 0.49685341312239095 0.5053366108369125 0.48891300021962525 0.5019243579961906 
84 15.79706852275444 0.6217105697255915 0.507401371880492 0.4951032356936518 0.5203665062519459 0.5145603860294918 0.4999390241507639 0.48626061487719335 0.5038450389094526 0.4901268943422396 0.4933960787794048 0.4903940170720293 0.5090835883713585 0.5074903169162891 0.5062665958157956 0.49351816827456785 
85 19.723543237555656 1.5597079318043683 0.4869788775542193 0.4960576351125227 0.5030774262313604 0.5028446991017961 0.5079250174329634 0.49440851299061506 0.5018539197526812 0.49730187221457806 0.5133280462871654 0.4946720220202892 0.5008680219806332 0.4975163079077482 0.4918002123764261 0.5167175476613605 
86 20.79584943460919 0.9008640236847225 0.49216205395190477 0.5097740448606256 0.5051366456624196 0.507518244619649 0.4941770747428602 0.5016956533393266 0.49788401377058333 0.4776599707451883 0.5004659306067737 0.4888390425582411 0.49920102796138066 0.5032860614878628 0.5114668200176891 0.5078183542639543 
87 20.7332863162759 1.3835899812109083 0.519957541966765 0.4911076858796911 0.49549852754655416 0.5032333685117724 0.4804726000366957 0.5003977009472756 0.4967724619452814 0.4835121013758073 0.4971192800019184 0.48473497653404857 0.47659203349098606 0.5025780624562752 0.4856603720171564 0.4993434974382011 
88 17.74972063017108 0.6518907383373339 0.4930905882683806 0.4992032607821527 0.5269157059602457 0.48669761215319846 0.48968637404570664 0.4981784953914472 0.5156769788308707 0.4814399000316161 0.5002325373139375 0.491426172802661 0.4821650682157331 0.4936323059085758 0.5028322859196336 0.5254585313148042 
89 17.662789872024838 0.24291367612274606 0.5001553337722615 0.5110379066536336 0.4898510475713781 0.47039077173105115 0.5075215570267726 0.5116409017048318 0.5007390779831846 0.5024194639993986 0.5181874411210671 0.4996788997384656 0.49472301545688635 0.5076350985016155 0.4980988122033177 0.502766288992741 
90 20.7538245132074 1.12262744608736 0.5037210000312671 0.49604335306079866 0.4999343012769996 0.49029580941847495 0.4815000624398528 0.49804241001632293 0.5010898332232673 0.519109777922233 0.5024458322551865 0.5179782602803624 0.5132865811587852 0.4924383963594402 0.5042612450476687 0.4963750385064897 
91 19.658157098575472 1.7607518822481008 0.5064641808942782 0.5106169661115384 0.4891617368125615 0.5072107220119766 0.48711768497347235 0.47018201293905587 0.518006503681922 0.4909921202519359 0.5029892411747341 0.502192234205502 0.5009702364977165 0.5102318438982031 0.510449644539664 0.5034109098546721 
92 18.629591107323638 1.7380627790408512 0.5026886466186565 0.5021766896150087 0.4851220155580666 0.4784611738955164 0.5092022891312706 0.5038471516005182 0.5022343664301661 0.4907620428477593 0.49837196832194114 0.49032655819524595 0.5006536228925292 0.5018450992203515 0.5032391285209473 0.5043225872757549 
93 18.695119641635948 1.4846827373259188 0.48406673112166093 0.5018897911019209 0.50265773449908 0.5001063305938621 0.513863089731708 0.49278584790930724 0.48555234891479715 0.4799373553631399 0.5127570225098497 0.4906064104910078 0.5000760872939094 0.5020155002508382 0.5070592091485341 0.499153386182016 
94 17.681141286806742 0.7544436341032319 0.49460009451148407 0.47248337489154507 0.5103032307536883 0.4967345359710054 0.5233253759007431 0.49997662273525223 0.5152986812914657 0.498556165767405 0.5061951171509456 0.48728629020679165 0.4989703917483119 0.5086666431690667 0.49109122398030436 0.5013761694153666 
95 25.707545403659587 1.5011045961067255 0.5011629291860709 0.4914007806807329 0.5106203287607454 0.48950901565739086 0.5092511732173093 0.4926276715611181 0.490927505285737 0.49798095892848115 0.5115897211985083 0.5115897217480849 0.525759962894353 0.5120076171716341 0.4958260700516635 0.48275275565230064 
96 19.71805207192571 1.134779480027734 0.506731982147979 0.5082661303387238 0.5061753134323674 0.4910362629718664 0.49328320876278303 0.4914427015633517 0.5054924186200168 0.4937307610186476 0.49872183382426577 0.5139908963335355 0.5016877920587522 0.5043752838669249 0.48821469282348345 0.5160966723316928 
97 19.639640164908933 1.6512002017875542 0.5051624171592551 0.5174306430801284 0.48657648223766137 0.5152849504123403 0.5126802875365526 0.496467977373208 0.5056231086722045 0.5085787698466024 0.4953192011896958 0.4956344742231556 0.5052757681685627 0.5162608064327372 0.49435532915596203 0.4852014224210318 
98 25.543917502919776 -0.32517386991253416 0.49109974948560076 0.5097935549268602 0.5139431588817552 0.5107741079696315 0.5104573534064283 0.49564119497203424 0.5030474462438745 0.4989009231277491 0.5067667009793521 0.497403007002616 0.4920798226119492 0.49405757399048983 0.47739536464956944 0.5150227452102022 
99 23.617030078909288 2.1399048833412095 0.49202009042589673 0.505608372304787 0.5019392206614587 0.5000377631474908 0.5035072155899714 0.5199011484384594 0.5067575598491353 0.5087058712027885 0.5043518249522694 0.505297690991465 0.488883960483068 0.5018969704512987 0.49000947398545924 0.5065837396700675 
100 24.652553302916374 0.46959885022625003 0.5109922179516231 0.4944524804338129 0.5105030855241917 0.4841162480475401 0.49407036228202017 0.4936156805883384 0.5101024076285869 0.5019695235191114 0.4890119629023859 0.486736043365859 0.49855282937948814 0.47967963955329324 0.47909632059277685 0.4979428771682532 
101 21.68541817435676 0.9919542681280489 0.49733160472360666 0.515157666058974 0.510264797696689 0.49610737928169135 0.5060478361053622 0.5028356589308252 0.504907132526659 0.49776155239344866 0.5104922383290822 0.4796039459848916 0.4849348311868679 0.4872348184602163 0.5108227820813119 0.49618984462727994 
102 21.651972310304743 0.6446056892595625 0.5028899381130209 0.5040288580406797 0.4934517568923676 0.48535182065200755 0.4840917892711173 0.5026208876599121 0.5107111039139038 0.510227767076548 0.49801034780947256 0.5014952677811175 0.4756309275191509 0.5151108922692267 0.5040126727816255 0.5082736298237435 
103 24.6898339014332 1.0791312480388398 0.5006237041003718 0.5058396933838962 0.49400390642701286 0.50180134803385 0.4929820616976123 0.48493570520058976 0.4911670329091431 0.4909938738827943 0.5140863455631575 0.50115034827619 0.5044500919340298 0.4881318009455631 0.49729677512999954 0.5083102001390287 
104 26.52554468636744 2.9185790514887273 0.4983065163911584 0.4915132365001895 0.4942059182727382 0.5090602626058364 0.5001381337142562 0.5079886092874165 0.5146544181305863 0.4955335221239928 0.5068265561814981 0.5150185448868903 0.5007878618244794 0.5048490885040355 0.5026820778020675 0.491765080629198 
105 23.47019857500612 2.7510492717197472 0.5173232882185811 0.4852696343525101 0.4996079276445687 0.5058129568037406 0.4876598954742069 0.4868080058641369 0.491947449653802 0.4980833199409709 0.4872802499972841 0.4963714690364028 0.5077379183519889 0.5083511474961798 0.49586762658717776 0.4867768881561355 
106 21.574777274142512 0.6470968058357482 0.4950564739153097 0.5127634426412349 0.51230132345061 0.4957618178137141 0.4978904446614558 0.48576349490340764 0.5107798234569815 0.5113810067160587 0.4862523787656039 0.5021993592035898 0.4985702331277386 0.4991143363330768 0.5069326614362679 0.48729622699300446 
107 23.572026012552843 0.4188175157520274 0.5015255546907308 0.5081340260266476 0.49251303286669995 0.47820327173381283 0.5024122512436837 0.5028187108745247 0.5062965720622232 0.5001108851413861 0.5105863704582153 0.514108584009626 0.5038777510590585 0.5078757138379739 0.5096517719957988 0.4968246705044294 
108 23.493519226759865 2.666957718147355 0.49104914624453044 0.48552566275651476 0.4986430390684801 0.4954045014982256 0.5015631529848509 0.5062069563323507 0.4858758732357396 0.5025822744177032 0.5010202856216527 0.4935088077670808 0.5113016798862116 0.496146637958147 0.49349663833446045 0.49547280275525735 
109 20.55492724651316 2.023998801549065 0.5103790326849914 0.5071754078271962 0.4988926664232029 0.5049882164527163 0.49752422978588956 0.48821039278988004 0.5140286731669041 0.4798732414120394 0.507317979936828 0.4958151286276831 0.5004737758898147 0.4904182675745605 0.50603799836053 0.49951307526626654 
110 21.568731807868723 2.06206498237472 0.4965772819692792 0.5233536621688193 0.5008075844145785 0.49754544494463165 0.49591557919997575 0.5080485294191314 0.48983911011924164 0.5169000904801897 0.4950020711688435 0.5130516741209291 0.5006958499099828 0.502155069016332 0.4920489349705311 0.5077205639857891 
111 21.559403547167225 2.095701603803677 0.5015575472102546 0.49711708222544115 0.48520807413554723 0.5021714861905553 0.5160700060255011 0.4852738071968623 0.5092194556043489 0.49899064880978833 0.4904963177438401 0.5043784937666683 0.5144859032908828 0.4991389806179851 0.5044115400545124 0.498686136505222 
112 28.44020856189484 3.415632109529513 0.5054497878732767 0.49748869766209075 0.5113287121314825 0.4957653896748122 0.497400613616503 0.5113771217683414 0.5031318036391795 0.4961307632923498 0.5022702934752411 0.4876887235373367 0.5099466771650971 0.49546572674284706 0.4879731093413624 0.5168116506923547 
113 22.614518610214553 1.1788188619542361 0.49559532862251304 0.5028084706606014 0.49671361671422865 0.5080209779307805 0.48054472641263035 0.48724194375824426 0.5021231443821962 0.5038610796225416 0.5107610485789815 0.5070292917995655 0.5110057897954355 0.5023467282315975 0.4909669925070169 0.521647346756751 
114 26.5985334228685 2.2761261350432527 0.4987316102044287 0.5139708202053677 0.4896856014080887 0.5051275518594003 0.5015101298962779 0.5007257476012983 0.5018013525981438 0.5140494106494984 0.4999789817749174 0.49659826207055374 0.4947197615876821 0.49418467638949004 0.5061907493253105 0.5096747009729863 
115 20.582398730889903 1.218858737712522 0.5087794282835916 0.4885128119728472 0.507850911611595 0.4995243173322405 0.5030369267649425 0.49201586600552866 0.49845673821204567 0.5209936100871536 0.5017644152716823 0.5170959328040254 0.501886606837574 0.49959821991886794 0.4960389750722025 0.5077487893078223 
116 22.534657634157792 0.7679697568621164 0.48188944231706565 0.49048467875508095 0.515655613006903 0.49577610992019355 0.5115641750874211 0.49537194766055326 0.49997193795222683 0.5039221963563532 0.49946813764661274 0.4828471523192408 0.5011797026740779 0.4891903517852668 0.5044111903690048 0.5077326091245564 
117 29.51933928312865 2.7203104338274224 0.49113232371760485 0.5133570046278954 0.5110731619954272 0.517313300209162 0.49353484346179677 0.48102821271530916 0.49294841487051405 0.5000803986148111 0.4964978271199283 0.4915493195712456 0.5141272912558289 0.5116125750849588 0.5204653859338151 0.5080320559850863 
118 21.563164120182467 1.8840827276861944 0.5029662665482676 0.5127907110586104 0.4937528926062581 0.5132823571861721 0.4955331706008109 0.4939419789319122 0.5101642300482491 0.48766559626319145 0.4915786805113224 0.522562858356954 0.496769202589973 0.4860156464103333 0.4917347208960214 0.48535306154772534 
119 25.42686742533874 2.919358908096277 0.500194035622116 0.5049116428500554 0.5127160311749472 0.5057779259161023 0.49192575680510253 0.5036671986081315 0.5068488457245403 0.5018980468237074 0.5022764511430028 0.5072006261962912 0.5093120754035309 0.5024979512532132 0.5199792838867773 0.4983077125763367 
120 25.513917482563016 2.509820587847118 0.4905554939466431 0.4975148956989482 0.4909421707848325 0.4885626126870837 0.5107748068823609 0.511645289083186 0.5024245691970134 0.504704697967676 0.5029947476196421 0.501055267593488 0.49591850257026693 0.5151023697623542 0.4948474993258581 0.4939878510487141 
121 27.426143659062383 2.5585802111986995 0.49320153688266816 0.4982922076924599 0.5000695101823217 0.4964576042744467 0.516545983169858 0.49294366423514485 0.49902845342722657 0.4930973761335115 0.5043625831331603 0.5040407608046583 0.5036353001789827 0.4929141323786258 0.5012332372719164 0.4948514675595425 
122 30.418225802003494 1.9653950777426439 0.5056710203502688 0.503832446832619 0.4949965607840858 0.5045454585423158 0.5111572021763061 0.48530796754465233 0.49866414132452813 0.49006644117188164 0.5073799802211106 0.49328295668992206 0.5110239925545756 0.4898097872457947 0.4984879126393515 0.5042049493702376 
123 29.19067030799038 0.5723494119685495 0.48926285614731174 0.5016196962501162 0.4815201517306434 0.5033362269105 0.5096864158782305 0.504185770183416 0.5054238656934346 0.48229767473971996 0.5267857226482344 0.5149526894430883 0.4951401348573812 0.5014790807603607 0.4959810541185359 0.4949359126060905 
124 29.41959626724892 2.017731033985588 0.4879313565564662 0.5182287623239329 0.5048747755399764 0.49061170908848495 0.4918407801128405 0.5055358232465909 0.5017199817840672 0.5103535110456561 0.4961156745183398 0.499527564606599 0.5142250603744634 0.4790674549064706 0.4878545042406375 0.49093686146485144 
125 26.426752832043288 2.244484740876191 0.5085881703478214 0.4941491849740147 0.5284968527540332 0.475538452492027 0.5074110177551 0.4999167566975409 0.5034521613144947 0.5026873932455136 0.48799413918664347 0.5043420665405504 0.4923175074913429 0.4867970473916513 0.4933338922442179 0.511014434412803 
126 29.34300790813287 1.2890414724045787 0.48505506429768813 0.5183727024292512 0.49717069158038074 0.5011756424736888 0.5327519800866425 0.5172682834832585 0.506378565537071 0.5095478064937236 0.4921919339671568 0.48619152567180557 0.4962082969067805 0.49659457278400626 0.4973499077597801 0.485701123858822 
127 26.341779926902127 3.215729490957232 0.5096784636695595 0.49379650793229646 0.5070063623114957 0.4923727855273317 0.4971796650879441 0.48791205619166506 0.5041855644241966 0.5017453238634326 0.5058285412504956 0.5049544247533498 0.5049417815061419 0.4951730537432959 0.4928847080210353 0.4901679632910641 
128 27.422337197739772 2.645762508900914 0.48593868203635826 0.49028534464511986 0.5081010880153964 0.5114578186332284 0.5115845517264684 0.5013541137724405 0.5009557396544063 0.4867493013498495 0.4976149612639743 0.5175587292101653 0.4840633302815959 0.4947913927143804 0.5007173236989889 0.4964360092665552 
129 31.91408208707164 0.25973738518156386 0.4901100401607749 0.49562279699769146 0.4937713862807093 0.5000576922719436 0.5085692467449235 0.49172092427308894 0.49793787960867136 0.519387228259044 0.503378767748318 0.4979220934470725 0.5056006541524818 0.4954951546753109 0.4903381079981494 0.5012222191573429 
130 24.30673011042342 2.925982224388696 0.5156594334858696 0.4927465091613072 0.5133882311746933 0.49184961779897013 0.5007679636130805 0.4855940812825631 0.5026070608052355 0.5047790814341119 0.4850957891337546 0.49784197835392563 0.5068764169006544 0.5000867196224181 0.5029556022351037 0.5116765285375026 
131 27.204819542545266 3.7908869450616547 0.49287922578265575 0.5074867988589886 0.5028100713156279 0.5065970219871972 0.5098674833620518 0.5165310998775368 0.5105850581123271 0.5213609187124952 0.49725837873698664 0.4903179969636088 0.4862621332449784 0.4961504411990945 0.49928671643868927 0.48736096462112105 
132 25.270593650299652 3.2727007184392845 0.49121165635580455 0.5322880534391131 0.5018061458617833 0.49195757094248144 0.4762661335261124 0.503507126697612 0.5051125034215624 0.48914336975920303 0.5108868140185795 0.509257896170911 0.49400785624527527 0.498221130567578 0.5083257758732783 0.5089509346733122 
133 23.307339283404325 2.891082727686195 0.488330209395527 0.4835342413322956 0.4951948707344265 0.4897056407502159 0.4993689872564028 0.48509793085878905 0.5082931603027159 0.5173242296463877 0.5250946269816372 0.4994816506731308 0.4970353541005604 0.49942330684974806 0.4986130079238367 0.49415206007886325 
134 31.88597491519371 1.1989838811502014 0.488042852692324 0.5050591102421492 0.48940893301062716 0.4862056310233982 0.490165037736929 0.4950111019010511 0.49107488681680905 0.49603912241081677 0.5022545438725119 0.49529041240087385 0.5046053757303373 0.49758414680381885 0.49810280805198465 0.49699585106649546 
135 25.195272174706254 3.3691832309836935 0.49492015966044356 0.5073381273199914 0.47438959341966125 0.4855426111299741 0.5037446907977629 0.497198056293332 0.5089269780111207 0.504141132416959 0.4901106055728515 0.47919491413230564 0.5179380274401088 0.4933302690204463 0.4913023818060707 0.5126015831464238 
136 25.194510882441733 3.351746771443251 0.481842585383382 0.5070055026808941 0.5070599258461369 0.5078852077166797 0.5054581409131332 0.49449595146566594 0.5142727267043488 0.4914637921288855 0.4898287123817833 0.5008006211791216 0.4953892550397308 0.4976964046902631 0.5084690723328548 0.4961826025803503 
137 26.15217654915477 2.988259346050676 0.5077233285398125 0.4916406909783527 0.501362843611355 0.4858130882212901 0.5099482584474868 0.5130917230221239 0.4883809785787736 0.49142732793949573 0.5042268704683291 0.5135464732574295 0.5062873010226568 0.5011782543369747 0.5007760506656339 0.5063899124827387 
138 28.122390081477814 4.167318709192374 0.5153657513903683 0.4962779722960737 0.5053864714934782 0.4959295182512905 0.4994917388799882 0.4887169805328197 0.47910557390130437 0.5108041527628256 0.5002110958290468 0.5053111440014191 0.5201361102967655 0.4780908956111097 0.49352218631631406 0.4946377444769036 
139 31.760029952481695 6.008627963343448 0.48635899112353576 0.48522954937516494 0.498050496180244 0.4906138763886619 0.5063680082496211 0.48356152697000726 0.5189623014955851 0.4836879857978814 0.4905478334211146 0.49464310616449053 0.5002429519909848 0.5015878237232119 0.519851543222247 0.48059917148673137 
140 31.846319395391443 1.0651090899043005 0.49860560013245275 0.48999407406481554 0.5010036265100485 0.5175605045005431 0.5024188121736557 0.5102893826624538 0.49447882769992224 0.5019421947323904 0.48037732153716234 0.4874415672784858 0.4829700541469882 0.5139147617808175 0.5041494048289884 0.500262903073874 
141 31.88597491519371 5.6091815742221875 0.49832827721066025 0.4832096294542345 0.49548167647498537 0.48571873934007875 0.5059690863870435 0.5078141900301716 0.4792140118005755 0.5143854015477682 0.5016692355158178 0.48973753775004136 0.49680447539469336 0.5099295095259725 0.46753285676900913 0.5045178951392854 
142 26.118404739563797 2.8528080160521965 0.50016606737547 0.502966559638647 0.506088198180735 0.5053253947493757 0.5007930584636199 0.5039541875298652 0.5223577084326289 0.4952058420611762 0.49831557769652063 0.49256593949646144 0.5016677741192147 0.49633649682352676 0.4869206661920993 0.5039858255169151 
143 27.88373876288098 5.053116716436089 0.4968578906359537 0.48884761825564943 0.4951360482262051 0.5061764445431698 0.5046697039317573 0.5002845378364229 0.4942944863822167 0.5152663388600709 0.4993760330095562 0.5077096015155761 0.4812780729874274 0.47755865586455026 0.49353071783331837 0.5136440729580606 
144 32.85301601442432 3.099419760050381 0.4873315957907427 0.4979975011860933 0.5028879111422802 0.499524859676554 0.5156110678699276 0.48257610296001985 0.5072022310218192 0.4883863133514137 0.5012707779515285 0.5019174447981172 0.49578292472871155 0.4951898608470196 0.49732617056508255 0.49511494680073875 
145 31.89047224836392 3.393193661684612 0.4902220270657172 0.4927828666097921 0.5036796498136961 0.4967596065267039 0.502830294366644 0.5079842923199772 0.5086517373486957 0.49441564513054703 0.5035143358741903 0.5016633073657738 0.4947790560758032 0.4931753064381074 0.5072092487817345 0.5150022108727831 
146 30.76314951010585 5.896941251299879 0.511619524816029 0.5155084600062615 0.53046963967908 0.5051256062147792 0.5035989484210024 0.5020754985452833 0.508291831826698 0.49566900064890346 0.5022684775017011 0.4906089278187215 0.5110342347788494 0.5016140866565358 0.4967045547882794 0.49439364011219084 
147 30.92006743326636 5.2172550528873485 0.5123209239786246 0.49637326754322114 0.5089096123947675 0.49443867971571237 0.49828984249252334 0.5059176238633876 0.49733893673812546 0.49359026436538805 0.5097425986227219 0.49693849901843223 0.49284250263298435 0.49556589723515615 0.5076321341636093 0.49335444299065845 
148 33.72586125374799 3.4977008919618786 0.4883964040747931 0.5150678894577407 0.5016937007484892 0.5094588590682834 0.4996871849001882 0.4979087876534701 0.5065409657042275 0.5100174731533864 0.4936436613473256 0.5071962633480146 0.510183995428361 0.5013658522807982 0.4969720022792441 0.498023161940922 
149 27.82434662421067 5.278650882143351 0.5176675611353121 0.5085351288238945 0.5009471964374747 0.48994826202421604 0.49223733940107367 0.5120581109362811 0.5059196358581416 0.4857074642012596 0.4847313620021517 0.48486407939854986 0.4952418086893968 0.5076640814124707 0.490087650370487 0.5112652181037358 
150 27.860455232059017 4.76227373230965 0.5006296141048088 0.5094670057774728 0.4990055600681262 0.5014118679834274 0.49424421764150805 0.49707140636358427 0.4946623229803679 0.5170712550202247 0.5037420201789788 0.5093059552657805 0.5022609315060377 0.5038254891299859 0.5037824612232378 0.5132674063066951 
151 34.83500321155754 5.789310433827422 0.5040118544241211 0.49527868018775334 0.4973021594185143 0.49346781745549595 0.5099641268251202 0.5136466311417386 0.4894812926261061 0.491553011125538 0.4986619809285093 0.4877258881581133 0.518570176758821 0.49568235151289486 0.5028015296578275 0.5088960328239311 
152 30.776308307752295 5.8528869450616545 0.513128617383437 0.48746012388157783 0.5047196142710445 0.5059757109502518 0.508596899349012 0.49353509402475915 0.5159443470636714 0.49987312555994934 0.49186674746785736 0.5059171293954035 0.503847451572463 0.4997962404579263 0.5071447668088412 0.5159168056871551 
153 35.38967864971597 3.001946772686615 0.4835616289505303 0.5182312325563422 0.48873336773426906 0.5075211060040062 0.5198003858974583 0.4873921450780785 0.502219680318137 0.5041300882109611 0.4814369096679039 0.509976643523291 0.4986696869620441 0.49862415096308776 0.48662493330880935 0.5054549798713115 
154 29.69383603128081 6.058826137131668 0.4917564687594945 0.5070616528152531 0.5074925709568768 0.500294064383634 0.5022967085493045 0.49387817953792823 0.493748374455812 0.5223240276014438 0.4926147735161369 0.4928531523494697 0.49421324489019836 0.48580678781462044 0.5157466761885772 0.4931046615827179 
155 30.661900750160385 6.347379083020055 0.48675415157158514 0.4925880449737043 0.5097709080444114 0.5161348973953802 0.49848620242671804 0.4889523742099076 0.48646433333423017 0.5129513245457759 0.4998412588189404 0.49726364626095054 0.5021120788119269 0.503809042738014 0.4996080806300488 0.5084404776287269 
156 35.261025021136355 5.501997755811456 0.5064507110038245 0.48933343500990545 0.5108756657841557 0.5302982952034314 0.5093868117289715 0.5210796622454215 0.5170412187813047 0.5044412546672687 0.5075617047668459 0.4960827591489875 0.5042067843006602 0.5007476158790248 0.4866004935486743 0.4894969619630603 
157 37.23457431122882 8.976544218405188 0.49589534438697513 0.5197821175913744 0.49788837319484036 0.498813449858383 0.4974310291612892 0.5063597184623458 0.4982080816639674 0.5059629687622134 0.5024862878883704 0.5083563892384676 0.49564053695101373 0.5048043149787584 0.5110628065505174 0.5030165474679859 
158 30.505742439660587 7.047082727686194 0.5110048366032577 0.4995891802561117 0.48043443612158576 0.5098535315128889 0.48364851821818783 0.5115167983953831 0.5046541268805879 0.48855086636195044 0.5008825374166658 0.49050262653899773 0.4837576230151793 0.5134925467115221 0.499588830214589 0.4893782252545426 
159 38.02328340594785 4.310921581080844 0.520434719766124 0.504410973241897 0.5006196497723377 0.5025738804063103 0.501555430342775 0.4988593377328757 0.5097806827234004 0.5049895584457249 0.5067171351127165 0.49573884583693184 0.4898477550899375 0.5031394833860553 0.5062327747258367 0.5000212218191525 
160 37.26722322368406 5.235349411968548 0.491171831268352 0.4890788319401699 0.5147654817912798 0.49323368916044985 0.5075916274116792 0.49654682459256055 0.49757237113738667 0.48330837015126366 0.49695868557195155 0.5078974688264364 0.5040447760773058 0.4963021269902543 0.4943772594352624 0.4916329235778507 
161 34.36944574481686 8.082358908096277 0.5027391779430879 0.5011524988928514 0.5099809295115564 0.49978551249517833 0.5011359473287386 0.509498443739621 0.5016281426812221 0.5064102605313221 0.5081253244849543 0.4955534084271644 0.49677007958450436 0.5081615555006584 0.497574186796838 0.5035332369062114 
162 39.2750730227277 9.07164221678098 0.4946675871947871 0.4961497265703323 0.4985566674203186 0.5041651727557733 0.5160252484955573 0.5000078624735455 0.5084428995615736 0.5013613875592801 0.49302104517899376 0.5122634463528596 0.503596643003789 0.48986717331984864 0.5069260788270462 0.49394671920321964 
164 38.96437680993676 7.04327568732089 0.48277474211108257 0.5232609999543762 0.5065112976312309 0.5015497364982932 0.4933802253656531 0.48030935912620404 0.49154359363121386 0.5132979319937014 0.5146854112028935 0.5262271772053747 0.5091052620801337 0.48093499461115985 0.4917634836719695 0.49006415759882294 
165 33.984023677001744 7.72780234604239 0.4972509889259941 0.4979994888963593 0.5222577351587223 0.502284074290507 0.5038766326230155 0.5061752046392209 0.4870640058075085 0.4927214669433534 0.49107102454024243 0.5025746035757561 0.5020807308730816 0.5008445461786651 0.49668539715355575 0.5058525898080791 
166 39.7434245735074 6.03996501717481 0.49176382961186277 0.5056714196821184 0.5118578016369412 0.5018842996663518 0.49754046767144355 0.5076037905661541 0.4954652286931091 0.4989075203310213 0.49146478366395174 0.4980983423759684 0.5017810510125703 0.4978045196644188 0.48978183261595426 0.5165931022923727 
167 36.09054983387949 8.2393406681467 0.4775955518229263 0.5044762455536547 0.4971688013210655 0.49961109048460567 0.4975937829691741 0.5072472322089024 0.5059485576962913 0.5184588195069076 0.507343841428744 0.5022583375228156 0.5114021379978216 0.494535005637374 0.5057694063154391 0.4974721213022163 
168 40.8731334190356 8.894962765338708 0.5152967117014619 0.4940903180158579 0.5003342132899814 0.49243593328427454 0.4888720899350517 0.51713463151862 0.512477689222528 0.4987981252875135 0.503460575127732 0.5056285869213041 0.48978848387010043 0.5013485680036636 0.5030838245619695 0.5156937619611817 
169 34.7653890089831 8.383445707922661 0.49780021538490443 0.4887818007752318 0.4991804489089344 0.49824622490056497 0.4894768550443102 0.5058640021246671 0.5080072923285194 0.5086470678760441 0.5151612519472302 0.5112460378554967 0.4860711287789484 0.5097463308643135 0.509696262601648 0.49176366786905895 
171 41.65449875101695 9.829844630215513 0.49507343478969423 0.4763556031265527 0.5036482351395266 0.5179456651894717 0.47587092234454753 0.4863623053656017 0.5097916720442555 0.48912767190873796 0.49927950836510654 0.515818800675147 0.5138008477637312 0.4909966673107422 0.49341954582049086 0.5032176248836425 
173 42.16538437015967 6.760111988602835 0.4850261231891413 0.49553792439056876 0.5252281242232845 0.5121177477927952 0.484842294922519 0.49681150737731705 0.4999568844537165 0.48692315549941473 0.5040227694177177 0.4963136262312327 0.48884910586041314 0.4778015951183249 0.5098507380342746 0.4840504127060465 
176 39.425716456637105 9.916517902956091 0.4996926718177079 0.4942800542195348 0.5014682142410304 0.4996147653571258 0.4939624131780279 0.5029198628110916 0.4897308386721616 0.5132264577996228 0.5211688263022871 0.49202270062427006 0.49365109607548324 0.5158339466027893 0.5067089476686151 0.4879510187408797 
178 42.914669776780045 8.801555556819286 0.5032200541341673 0.5126159109532621 0.5039554509569615 0.49376465867432373 0.51678864579255 0.4991924736231935 0.49345591286885804 0.5060248908546389 0.49513155231854206 0.5114981218333545 0.5038283809659827 0.5076142478280669 0.4810864178376479 0.4895770510878822 
191 44.14345637294645 10.576872335277663 0.5027130729494521 0.4982942406883486 0.48263332079935717 0.5014019383270636 0.48816976200956924 0.49558580068825886 0.4831571199829758 0.49585748953304837 0.5020299192114015 0.49659613049223983 0.5129610124890503 0.5014012022847332 0.5076389656738056 0.507904568376997 
192 42.29320090544168 11.34317256627156 0.5068036337008854 0.5105901749960116 0.4941560918833887 0.5070938666772662 0.5047240224856167 0.4955238157434241 0.511790178866155 0.5057213920603314 0.5073650554456849 0.5126922928767408 0.5100464661381048 0.4961594960798805 0.5146740166834312 0.5031669113905253 
195 45.32797383765307 11.03563817376 0.49004835975442407 0.49672139137233323 0.4863837470390285 0.5169955972272893 0.4937318916471209 0.5012660858252409 0.4911959498231094 0.5091128652175605 0.49806277172750846 0.49557737762030174 0.5045970292302258 0.5090391058367383 0.5116108842786113 0.4856720000031523 
203 46.82424032207096 12.74265038277188 0.49633879678385673 0.5126931552719058 0.5045346255384249 0.5054471415263654 0.4936913832538821 0.49673356642419436 0.5005049372867261 0.495095334386633 0.5046179785441735 0.5143181215903269 0.5046825911768179 0.4953747148082298 0.5114087390639769 0.49203686957592196 
163 34.87093090807158 8.39821389819846 0.4864306032582536 0.4949822971990863 0.5023030037909304 0.5259939940675451 0.4875763047001696 0.5065873220108735 0.4751912661014581 0.5117738601026083 0.47711383864906104 0.5088538654357264 0.5010390082825521 0.4973671287952113 0.4898299809693664 0.49026070886074 
170 36.56104226767513 9.35165118691394 0.4879146494411108 0.5052265112872886 0.5070349204614438 0.4917546441889401 0.4944497785564725 0.47971809632920087 0.5101885587703787 0.49354891108975474 0.5065188279632202 0.4858138916115037 0.49783792896957196 0.4739971347460069 0.5000009378198685 0.4966778644077265 
172 38.54118967946812 9.725684685549567 0.5050946311010159 0.4973635378173519 0.4903459449433034 0.5055141176151002 0.504766652318004 0.5013957671758119 0.49544199080882245 0.4864651975133074 0.4918949296587094 0.4884186991723669 0.5188086712588965 0.49360721770544963 0.49692244440422606 0.5210733555912146 
174 42.33246095962635 11.225386549516818 0.49454543454720373 0.513522936750019 0.5105517781355652 0.4987709760142977 0.4838480272126155 0.5131888611999567 0.4928774880492203 0.5119252380941679 0.48578913435984383 0.4974243820694153 0.5065305881715396 0.4829244563830234 0.49308312339667365 0.5004363796483844 
175 37.51801305879512 9.833259760136565 0.507619219635708 0.5041382509235309 0.5127805068669737 0.4949866563222219 0.4929418341669627 0.502623533084687 0.5272402610869635 0.5006117695182143 0.5040637559921154 0.4883530227832317 0.5057164329411953 0.4947878993462278 0.4849504487883213 0.5128686910500091 
177 41.338080401230876 10.82400733747247 0.49192763226288494 0.49541590547283704 0.5139281161805531 0.5166163873810083 0.5067468946714685 0.5065865083716928 0.5212228470773324 0.49557511707915597 0.5071041882511654 0.5038837347365706 0.5036781267849316 0.5024835424467553 0.48727870589474925 0.4773179233565277 
179 37.23121004102583 10.331900222276662 0.5046078997327926 0.5178414014867364 0.4973524600066965 0.5189171422713437 0.49807011143704444 0.504726741763081 0.5124129897679719 0.49910378589922716 0.49999805832663474 0.5109302584065444 0.48171633407167447 0.5068078485769246 0.4958845409471089 0.5100736433589316 
180 37.21965993402875 10.71334338435298 0.5181997234769902 0.49833254931107474 0.5007693342837636 0.48501850321968737 0.4928444070693678 0.4992544412796848 0.49572940120475045 0.5102712188497065 0.4928378030902257 0.5015632193895599 0.5032231876767754 0.4888134839011288 0.47752385967338445 0.48820027496223883 
181 43.89861862776699 12.149328699799291 0.4996411485492061 0.5069654971459849 0.5046975292748583 0.4991724709831715 0.4886890157737526 0.5084426600873452 0.4929171219325019 0.5096483123042663 0.49782332140579383 0.48455056838767147 0.5102819360771191 0.5094915828433484 0.49455223709157875 0.5000426243275523 
182 41.83549415425878 12.467608652086618 0.48480478752819495 0.48730045787205717 0.4738014741110199 0.4887267099063771 0.4837070998936129 0.5017319029823812 0.5209902862199535 0.5091572812248395 0.4944672336267071 0.5033041107800235 0.482888745575982 0.4993911833948404 0.48633009482589357 0.48841860950053073 
183 46.81471678128321 13.020795354926312 0.49950323087903403 0.49617969103848547 0.5004123874071454 0.48443124195365406 0.5087945969461051 0.4913420373931227 0.5093294182862124 0.4924428004332282 0.5013638355954341 0.49950082312465155 0.5086890371121507 0.516350844804478 0.5130188941954336 0.4965055610248047 
184 38.86870420517855 11.340686220079435 0.5015244525804594 0.49948089634853665 0.5169241354800835 0.5027771603147534 0.5203074449076768 0.5037822269562591 0.49168702124122804 0.514915636300158 0.5004684341162694 0.4867887961696037 0.49167872834112986 0.5096156182336062 0.49728629191501283 0.5029677502298268 
185 40.91884401998071 11.69256018354801 0.4968043240791867 0.48161534053393096 0.48637682465840115 0.5087938713194236 0.5124234638456119 0.4899722724816786 0.5064690786332522 0.5011225411415011 0.4990021250771585 0.4990499064265139 0.4984134870512151 0.4876284196298924 0.4870228185276824 0.49898120196595747 
186 39.8183179620871 11.027263641617008 0.4997320154314662 0.5045245283503017 0.5114134254652878 0.5058418625792797 0.5093884909607402 0.505530321259482 0.48292286769167814 0.511004440167495 0.5087199980526337 0.5023810144702676 0.49397182642431386 0.4882433433990378 0.4941753839387977 0.5022056292347283 
187 38.857187435892 11.307736106467964 0.5016473845489291 0.5132796322156831 0.49909873959354617 0.5191523257010499 0.5084249074244196 0.5094686368082917 0.5021592675487968 0.5059063604647689 0.5060409859224334 0.5019487357797175 0.4915174959818663 0.5046618672944688 0.4851328758162939 0.49866390269914784 
188 45.63319342467373 13.537931808211717 0.5010921617714885 0.5035440073813001 0.5007861764477013 0.498155628568436 0.4878510127443053 0.48825614358822905 0.5020027453979273 0.4854385771519596 0.49693700240299354 0.4940943224425611 0.49504556453040505 0.49042688016653924 0.5017555837313872 0.4962157970178487 
189 43.475680853785796 10.584398120990615 0.49333637986001455 0.5004098871680612 0.5082241151856659 0.4938423167195244 0.5180661836403799 0.4950241731070016 0.49610045600794833 0.5057763749153459 0.4863380508273854 0.4839158886736429 0.5053852948236305 0.5150028880499548 0.4928130271631622 0.47628350212501047 
190 44.693358612808034 11.371563839453234 0.49194597084614067 0.5013102664401274 0.497691703690247 0.5070241608912436 0.48353689943841105 0.5008672808406895 0.49618784925554854 0.4949378971478533 0.5130381833955815 0.5006291660867325 0.5182778124059668 0.4826294432372786 0.5036773345529088 0.49712529945053013 
193 41.68189238073706 12.895432527758434 0.5101371596513518 0.4830059740061778 0.502401723316093 0.5203725632864745 0.48784155535670104 0.48905641406558226 0.5086901677384489 0.4839276113813268 0.49553478327209705 0.49926690461701806 0.49184550377595976 0.48918158939204043 0.5065884550103703 0.5119217603873517 
194 41.728392932676535 12.63788033301355 0.4895606264696393 0.49085610081426545 0.5032185580430601 0.5028789415224003 0.4951207693787252 0.5012443480819009 0.5033964660145938 0.4995987427397449 0.4990416134729004 0.5021858285934211 0.49341140667866723 0.5105522759584938 0.49436705830862604 0.4989256543787455 
196 42.45216627994678 11.920342293306147 0.5031585522211521 0.4852325041923384 0.5041489203208563 0.5010645341039488 0.5031770194572699 0.4891996651683606 0.4939606471458529 0.5113409148096929 0.509276081983619 0.49908665688071424 0.5040925665590958 0.492171109681431 0.49781659299517483 0.5038857400824106 
197 47.482969200152425 11.522655634672844 0.4959595135214803 0.5060651706861321 0.5076469657868455 0.49438630394650024 0.4929107971159127 0.4979622540790188 0.513549704237777 0.5152073567043022 0.5159724976499793 0.5061798710603612 0.5063055842791759 0.507650073836361 0.506507060808362 0.5115752376211112 
198 46.539052101911466 13.631615228064014 0.49932778716035725 0.49163292124934704 0.49857808095403217 0.5064560070393578 0.49937983115492324 0.5068936453972478 0.49780498019567493 0.5054113322811554 0.4926300260035861 0.4896171180114586 0.4996217704195303 0.4957950503783712 0.49855345330042944 0.5004207962576585 
199 45.402331763204316 11.33224334735299 0.5001055850789522 0.48901797674470004 0.505125143142008 0.48384306373127756 0.5051076349962922 0.5237751326739538 0.4970122759623129 0.49423169170975234 0.5044595383590941 0.49731694292381534 0.5149198800339043 0.5060152885633867 0.481770886965908 0.5052676948008976 
200 48.5872522586014 12.769025516017361 0.5007319388511535 0.5272994461867494 0.5044321906552335 0.4997182182125892 0.5027051407010187 0.49208536242131856 0.4984824001234651 0.490689859917038 0.5054165500691952 0.49340925809249303 0.5011017596598222 0.48907675187540967 0.5101564146342191 0.49596167498284427 
201 40.525445954489506 12.46437499355713 0.5006732119390903 0.49741325713797246 0.4913596588109459 0.5061431138109747 0.49834858709357105 0.5017495009804257 0.503327517711871 0.49314379257731733 0.49382557580183395 0.5065561759522111 0.493367495991778 0.4983998686681682 0.4923566772889907 0.5002351999996352 
202 44.52211161267058 12.005690153782165 0.5023243860427637 0.4922750852754554 0.5074269566416444 0.49373250341468167 0.5016895054123157 0.5026018572681532 0.48911438509120686 0.5087981949364584 0.5025310618561887 0.49719767285537797 0.4927924383220719 0.4912296732933409 0.5011046287738607 0.5092172407990243 
204 49.197347968080585 12.082357016457927 0.5105148361057279 0.49371127676457444 0.5120829148318057 0.5090301946344526 0.5074946675160683 0.4999544004725881 0.511046557537346 0.5141677148275647 0.5092649616675506 0.496122169791156 0.49224681489805855 0.4985507623755998 0.5048563540335052 0.5084131221725385 
205 49.041630871756944 13.941547276847956 0.47332213934802037 0.5283622107430672 0.5079042091585558 0.5005320014906658 0.48068521978011913 0.4965621954037248 0.5057478518011496 0.4951069652476743 0.4880116620688373 0.5064098818430847 0.49995009166346177 0.5020564423581438 0.49146085238720394 0.4914948363707073 
206 49.85220583740802 12.53927618182297 0.48534885731287297 0.48643704895995005 0.5027779797192546 0.48785844940787704 0.5131659179241486 0.5151893673349902 0.49404200509571944 0.5096727252069337 0.5070698216010899 0.5166038548731589 0.49958319226743036 0.480165544230338 0.4892037191371234 0.4964770236495287 
207 48.36577646263925 14.424566107232003 0.5247309334607746 0.48874456021712737 0.5102370942158633 0.49585952839106096 0.5111278460409424 0.5060785089986695 0.4945795981420256 0.5123838644347082 0.5053981576641582 0.5023306259348651 0.5005595100775455 0.5260619399743998 0.5001940472541524 0.5086001823959994 
208 44.19581976379502 16.145482657564582 0.49509553155780256 0.47037464532749923 0.5021971148596809 0.5028585174675966 0.4742417211058217 0.5020658847191753 0.47829441368544917 0.4980941252549315 0.5085250675737557 0.5080324085590321 0.5133921949643636 0.49788162289260385 0.48230082428533444 0.490814387157518 
209 51.92654582420457 18.102719838322507 0.5208573824520387 0.49742507755313653 0.5031259555218968 0.5070186761167528 0.5036112261782905 0.5014550481423614 0.5114258513317508 0.48901348269948464 0.4957978954832818 0.5197738878820898 0.4966272715181719 0.5132541262075413 0.4916273701969932 0.4918397107310472 
210 52.368923906452665 13.900357614446394 0.48410860713913395 0.4781401572968727 0.4927308386767388 0.4990960890160412 0.5068302693122291 0.4774858962345882 0.49607695078978703 0.5100424570165545 0.5028494310033335 0.5143379398545675 0.4813686788081751 0.49965885446568603 0.48874056338527505 0.5181533947001022 
212 47.92955235793964 16.520539478634294 0.49751463871584517 0.5050090824024168 0.5121689263081112 0.4920362312069686 0.4998134123236017 0.4999503515949059 0.503682103355979 0.4959801789787273 0.4937941387313226 0.4971594582360509 0.5107445524790416 0.504577593400293 0.502013039510806 0.5062412439299423 
213 47.89043525677134 16.31480970380862 0.5142128302644331 0.5058598279137305 0.5023841217652016 0.49545485585569704 0.49452481393294756 0.49135160621337926 0.4952663552097366 0.5047789318324419 0.4979870468787005 0.4909693801520174 0.495354843886502 0.48677449577874327 0.4920482057645059 0.4839567496113149 
214 50.925535915471414 16.2793005722988 0.502905239329205 0.4955802879870902 0.4943444020371814 0.4946668756223803 0.49771956002236717 0.496259225646203 0.49740619014506254 0.4964737776568957 0.5006771827053006 0.4958817055339192 0.48632566247444853 0.5069622554477968 0.48891543277435456 0.5096874737785989 
215 49.97199935290861 16.82279648031528 0.5286000960152566 0.4930054240328058 0.515178176053594 0.5002688169969953 0.5065992054959868 0.4892265111738168 0.4953381745521153 0.48629401211207807 0.4999980503770215 0.5073266472341703 0.5033978294560567 0.4903462405108775 0.5072405298949348 0.5045481164850673 
217 48.70374483159842 17.467046777679382 0.4920958730914838 0.49837124330792787 0.48153650358778693 0.4928707869095743 0.5061798781922763 0.5002900423768976 0.49930661548065064 0.4949272731414416 0.5253364665098149 0.48753101390395837 0.518012071160202 0.49728861648865597 0.49264770020622384 0.48303308059148475 
218 53.170511175506455 14.786243514278919 0.5027318737473828 0.49187072311487295 0.5170330536983142 0.48981260155817863 0.4910881163327441 0.5063769771399534 0.500323190569563 0.5021648466305204 0.5068472004161122 0.5017002690636401 0.5064681506417448 0.5061898998172019 0.5033005657432985 0.49928118986421577 
219 46.71919820154888 17.720051818452898 0.4887721120578544 0.46867321103415155 0.4930359252038423 0.5056353376686554 0.49223840371446453 0.49153304380930546 0.48721495980028495 0.48489014557949073 0.49926400995825754 0.4932209666436759 0.5086598675560613 0.5087265640985218 0.5058823287951175 0.48782839005742074 
220 52.7054779208814 17.308555917010768 0.4894470733199901 0.5135063247466293 0.4975964952015599 0.47911239931613964 0.5016771829934344 0.48235420756719494 0.48855533789655514 0.5049638520819364 0.4975914901411852 0.49571642480771977 0.49174095512780874 0.49246354214665655 0.5183643937809131 0.4907377817962879 
221 47.66983453834084 17.31752503580172 0.5034541852664095 0.49845020527080974 0.49305700084746373 0.4891071167365956 0.5041858521408737 0.5169960147645923 0.48970443547992815 0.5050611803126126 0.48576916714914814 0.5091952774489279 0.5133837419408351 0.4917828785644974 0.5057965750438304 0.4962247194983465 
222 48.192233978369075 17.367795013813456 0.4934510363105444 0.48779586015968246 0.5132180356749401 0.5005222363152932 0.4986537015358036 0.5037097429584042 0.515948725652057 0.4983868391256025 0.4848139536259493 0.4888295590590037 0.4848004669245139 0.49219847952784784 0.49000492754339037 0.4948060325963283 
224 50.4710982763529 18.363416364715 0.48820555591212583 0.5102020445021037 0.5056897985524165 0.5067093718180996 0.5148228131483371 0.5048854588959445 0.48587300655831217 0.4965638734891155 0.49928968389896566 0.5063548942848285 0.49777860921466643 0.49811280964658816 0.48566013705037864 0.501021149041823 
227 52.999765690860215 20.223584682018647 0.5000934540583466 0.4923359257450302 0.48924866864376737 0.495963009987601 0.5140671236717701 0.5000544596729333 0.5049659278996076 0.5007760652012785 0.5104961656015441 0.49375329905291965 0.4876717865993972 0.5000197155627241 0.5002629898692333 0.5048486161388474 
229 55.76049104738727 18.820006823097028 0.49440247233297047 0.4964260510759502 0.4901839993793006 0.4990958927878793 0.45989603467459755 0.5020272779633246 0.48374683373249966 0.4971446998009596 0.504402724076265 0.4884051573444269 0.47531606882524713 0.48302006855451707 0.4895758303971411 0.5043937621855181 
234 54.630043699159415 18.5500706168002 0.4973219973341873 0.5078658873811243 0.5021592932666143 0.4894010002634854 0.5044787607264903 0.5158206671314791 0.49565890102983573 0.4900149657802559 0.4892389117786402 0.4863109123749643 0.49967106090610564 0.4961228073756456 0.49711582256752623 0.4977512917686614 
235 52.98200355545513 20.120383638973134 0.46563025014348414 0.5004059335894759 0.4888922531947125 0.49884510768664536 0.4894873262233641 0.5054373016682265 0.5074210749350808 0.5053598467698079 0.48797943972576424 0.5208284588389056 0.5038409209756805 0.5139143126316374 0.48759953161882696 0.4976434312825264 
236 53.86082131601759 20.17752569247853 0.5012980697757674 0.5119446990095141 0.4930703797159771 0.48718090871830655 0.5019678212632549 0.5044776968686838 0.49446386409716875 0.5051238210628315 0.5089768992312138 0.49789626834894807 0.4925042472868537 0.4951258621705665 0.5015878926649204 0.5031888532980824 
237 55.72277139767619 19.434335068408075 0.5059459629987422 0.506482646526293 0.4868887459958335 0.4856090052869003 0.5159885519489141 0.5066416453289081 0.49050183403297515 0.4826482274055552 0.5030788025162275 0.49434633111707205 0.4913151148914276 0.5145094664373155 0.5177337927887318 0.5125397100859925 